[633,
 974,
 542,
 846,
 146,
 929,
 269,
 726,
 265,
 237,
 353,
 838,
 728,
 136,
 526,
 88,
 212,
 879,
 120,
 644,
 895,
 565,
 628,
 593,
 124,
 769,
 653,
 322,
 58,
 835,
 816,
 10,
 600,
 985,
 721,
 865,
 922,
 737,
 970,
 950,
 800,
 599,
 680,
 267,
 845,
 674,
 360,
 366,
 544,
 95,
 547,
 498,
 493,
 704,
 944,
 682,
 719,
 648,
 475,
 283,
 9,
 51,
 449,
 173,
 312,
 309,
 776,
 787,
 990,
 679,
 293,
 631,
 829,
 541,
 712,
 365,
 907,
 715,
 577,
 734,
 594,
 325,
 610,
 813,
 284,
 750,
 590,
 928,
 532,
 798,
 314,
 667,
 606,
 634,
 789,
 844,
 602,
 670,
 617,
 569]
