[314,
 932,
 508,
 414,
 341,
 917,
 627,
 877,
 705,
 625,
 683,
 448,
 781,
 372,
 704,
 158,
 105,
 655,
 354,
 325,
 400,
 739,
 308,
 862,
 207,
 614,
 114,
 954,
 187,
 474,
 457,
 286,
 69,
 806,
 716,
 652,
 733,
 938,
 570,
 910,
 496,
 73,
 839,
 511,
 747,
 849,
 970,
 978,
 517,
 367,
 480,
 32,
 25,
 424,
 842,
 425,
 525,
 109,
 50,
 675,
 283,
 349,
 1,
 281,
 526,
 765,
 440,
 737,
 438,
 821,
 612,
 311,
 964,
 744,
 500,
 975,
 430,
 458,
 761,
 945,
 678,
 957,
 79,
 619,
 734,
 774,
 470,
 482,
 447,
 542,
 532,
 760,
 75,
 315,
 887,
 411,
 71,
 567,
 123,
 758]